tweet_id,favorites,retweet_count
892420643555336193,35843,7593
892177421306343426,30935,5627
891815181378084864,23279,3720
891689557279858688,39113,7770
891327558926688256,37374,8366
891087950875897856,18834,2807
890971913173991426,10934,1827
890729181411237888,60394,16972
890609185150312448,25919,3863
890240255349198849,29593,6609
890006608113172480,28505,6592
889880896479866881,25920,4484
889665388333682689,44625,8993
889638837579907072,25119,4032
889531135344209921,14074,2031
889278841981685760,23378,4802
888917238123831296,27026,4045
888804989199671297,23728,3811
888554962724278272,18325,3121
888078434458587136,20240,3124
887705289381826560,28125,4862
887517139158093824,43089,10605
887473957103951883,63844,16193
887343217045368832,31278,9442
887101392804085760,28457,5373
886983233522544640,32396,6897
886736880519319552,11120,2883
886680336477933568,20891,4026
886366144734445568,19625,2852
886267009285017600,111,4
886258384151887873,25999,5689
886054160059072513,0,100
885984800019947520,30273,6052
885528943205470208,33392,5755
885518971528720385,19029,3367
885311592912609280,0,16658
885167619883638784,20330,3931
884925521741709313,71552,16251
884876753390489601,25844,5022
884562892145688576,22591,4232
884441805382717440,25182,5126
884247878851493888,67379,18285
884162670584377345,18962,2693
883838122936631299,20298,3089
883482846933004288,42560,8894
883360690899218434,21072,3329
883117836046086144,34475,5987
882992080364220416,22202,3501
882762694511734784,26259,4395
882627270321602560,26026,5467
882268110199369728,41637,10436
882045870035918850,27237,4392
881906580714921986,22617,3065
881666595344535552,47101,9616
881633300179243008,116,7
881536004380872706,45983,14422
881268444196462592,21615,4762
880935762899988482,15900,2521
880872448815771648,19787,3448
880465832366813184,26460,5593
880221127280381952,25071,3758
880095782870896641,25676,3915
879862464715927552,20788,3143
879674319642796034,292,10
879492040517615616,21846,2877
879415818425184262,98357,40136
879376492567855104,15636,2824
879130579576475649,0,6142
879050749262655488,20967,4244
879008229531029506,17693,2420
878776093423087618,18033,3697
878604707211726852,28022,6393
878404777348136964,0,1160
878316110768087041,0,5996
878281511006478336,7197,1160
878057613040115712,39175,6142
877736472329191424,73736,17111
877611172832227328,0,72
877556246731214848,21125,3438
877316821321428993,25520,4695
877201837425926144,25230,5036
876838120628539392,19271,3021
876537666061221889,22074,4245
876484053909872640,17506,2139
876120275196170240,26080,4221
875747767867523072,23442,3876
875144289856114688,20450,4441
875097192612077568,25592,5500
875021211251597312,23782,4273
874680097055178752,25950,4202
874434818259525634,0,13170
874296783580663808,24305,3737
874057562936811520,21216,3616
874012996292530176,31966,9279
873580283840344065,22626,3575
873337748698140672,0,1441
873213775632977920,6686,1441
872967104147763200,25458,4923
872820683541237760,13774,3378
872620804844003328,19393,3315
872486979161796608,38126,8237
872122724285648897,32062,7371
871879754684805121,35167,9985
871762521631449091,18924,3176
871515927908634625,18908,3172
871166179821445120,0,5214
871102520638267392,19608,5022
871032628920680449,21309,3483
870804317367881728,31552,5662
870726314365509632,114,3
870656317836468226,11576,2403
870374049280663552,77939,24277
870308999962521604,20568,3795
870063196459192321,34276,7607
869772420881756160,40021,9293
869702957897576449,26513,5776
869596645499047938,15000,2861
869227993411051520,19200,3459
868880397819494401,61476,13241
868639477480148993,0,1903
868622495443632128,25095,4860
868552278524837888,9480,1903
867900495410671616,22822,3845
867774946302451713,31993,6761
867421006826221569,15166,2293
867072653475098625,0,110
867051520902168576,30382,7273
866720684873056260,18881,4424
866686824827068416,18171,3220
866450705531457537,115370,32545
866334964761202691,49433,13170
866094527597207552,0,7748
865718153858494464,24259,5199
865359393868664832,25007,4634
865006731092295680,26489,7135
864873206498414592,30524,8043
864279568663928832,13797,2802
864197398364647424,28349,8203
863907417377173506,19510,3840
863553081350529029,14465,3891
863471782782697472,0,2254
863432100342583297,22534,4867
863427515083354112,2091,89
863079547188785154,8333,1032
863062471531167744,8012,2254
862831371563274240,18203,4792
862722525377298433,16232,3297
862457590147678208,19386,4594
862096992088072192,70406,21581
861383897657036800,34265,9986
861288531465048066,16307,3859
861005113778896900,15872,3561
860981674716409858,0,2005
860924035999428608,0,745
860563773140209665,7126,2005
860524505164394496,22512,4966
860276583193509888,17490,3284
860184849394610176,15874,5471
860177593139703809,0,28958
859924526012018688,18675,3844
859851578198683649,14721,3294
859607811541651456,17773,1465
859196978902773760,85682,28295
859074603037188101,32246,12799
858860390427611136,0,7626
858843525470990336,14886,3268
858471635011153920,20556,4577
858107933456039936,15063,2724
857989990357356544,15385,2445
857746408056729600,32768,10034
857393404942143489,5632,1551
857263160327368704,19218,4270
857214891891077121,214,17
857062103051644929,0,159
857029823797047296,18066,3761
856543823941562368,15671,2729
856526610513747968,11392,1779
856330835276025856,0,634
856288084350160898,494,15
856282028240666624,26663,5966
855862651834028034,324,24
855860136149123072,4723,933
855857698524602368,11431,1999
855851453814013952,44096,17176
855818117272018944,25679,5162
855459453768019968,28695,7834
855245323840757760,0,5671
855138241867124737,0,43
854732716440526848,21943,5781
854482394044301312,28246,6539
854365224396361728,18243,4486
854120357044912130,30917,7140
854010172552949760,15708,3017
853760880890318849,27664,5504
853639147608842240,33547,9613
853299958564483072,15008,3420
852936405516943360,0,1915
852912242202992640,8750,1738
852672615818899456,14473,2073
852553447878664193,15822,3334
852311364735569921,32189,9565
852226086759018497,19436,6593
852189679701164033,11143,1534
851861385021730816,0,19
851591660324737024,15833,3342
851464819735769094,23613,6819
851224888060895234,20162,5546
850753642995093505,30020,8796
850380195714523136,12778,2519
850333567704068097,3379,316
850145622816686080,15943,3673
850019790995546112,19918,4716
849776966551130114,29674,7341
849668094696017920,0,4792
849412302885593088,15512,3059
849336543269576704,11167,1841
849051919805034497,41380,8220
848690551926992896,24639,4197
848324959059550208,24177,4493
848213670039564288,8006,706
848212111729840128,15990,2945
847978865427394560,0,3159
847971574464610304,0,420
847962785489326080,23041,4922
847842811428974592,5325,1287
847617282490613760,6844,402
847606175596138505,18417,3342
847251039262605312,20099,4208
847157206088847362,19521,5711
847116187444137987,21072,3098
846874817362120707,19722,3826
846514051647705089,43767,11232
846505985330044928,13848,2992
846153765933735936,31008,8806
846139713627017216,30508,9788
846042936437604353,15698,2791
845812042753855489,28695,8470
845677943972139009,24769,4686
845397057150107648,7498,1755
845306882940190720,22954,5263
845098359547420673,0,7468
844979544864018432,13422,2491
844973813909606400,14824,3104
844580511645339650,16215,3047
844223788422217728,13465,2150
843981021012017153,14962,2890
843856843873095681,21137,4522
843604394117681152,16637,2683
843235543001513987,21212,5892
842846295480000512,15087,3564
842765311967449089,6644,1248
842535590457499648,17872,3439
842163532590374912,24115,5671
842115215311396866,13800,2977
841833993020538882,0,14761
841680585030541313,25432,7666
841439858740625411,12493,3612
841320156043304961,19572,5406
841314665196081154,15671,4561
841077006473256960,22576,5214
840761248237133825,0,1735
840728873075638272,0,15816
840698636975636481,174,2
840696689258311684,12153,956
840632337062862849,8891,1735
840370681858686976,16260,4478
840268004936019968,19054,5624
839990271299457024,13282,2238
839549326359670784,27182,7626
839290600511926273,0,141
839239871831150596,26848,6428
838952994649550848,19463,3931
838921590096166913,11037,2025
838916489579200512,0,35
838831947270979586,0,10838
838561493054533637,10855,1317
838476387338051585,22286,4700
838201503651401729,0,9892
838150277551247360,1657,326
838085839343206401,139,1
838083903487373313,17453,3086
837820167694528512,33786,7748
837482249356513284,3822,437
837471256429613056,12672,2242
837110210464448512,15934,2337
836989968035819520,12659,2269
836753516572119041,19194,4589
836677758902222849,12534,2200
836648853927522308,0,551
836397794269200385,0,27170
836380477523124226,14667,2954
836260088725786625,21161,4255
836001077879255040,18959,4207
835685285446955009,0,8044
835574547218894849,17668,3578
835536468978302976,0,1675
835309094223372289,0,20696
835297930240217089,16369,2980
835264098648616962,7686,1675
835246439529840640,2086,73
835172783151792128,26006,5703
835152434251116546,22259,2981
834931633769889797,10735,1622
834786237630337024,21250,5441
834574053763584002,13575,2505
834477809192075265,0,10525
834458053273591808,9565,1664
834209720923721728,20461,4702
834167344700198914,15730,3628
834089966724603904,9986,2112
834086379323871233,12990,2188
833863086058651648,13360,2387
833826103416520705,17978,3742
833732339549220864,0,221
833722901757046785,20726,3190
833479644947025920,14790,2036
833124694597443584,20090,4792
832998151111966721,13189,2186
832769181346996225,0,39
832757312314028032,16792,3593
832682457690300417,11824,2884
832645525019123713,2913,525
832636094638288896,15784,2762
832397543355072512,11920,2199
832369877331693569,17125,3159
832273440279240704,11319,2325
832215909146226688,0,6166
832215726631055365,0,9254
832088576586297345,62,2
832040443403784192,0,9549
832032802820481025,17790,4623
831939777352105988,23887,6093
831926988323639298,334,34
831911600680497154,27496,6457
831670449226514432,10394,1804
831650051525054464,7101,1915
831552930092285952,8948,2302
831322785565769729,9253,1539
831315979191906304,6523,1120
831309418084069378,11725,2451
831262627380748289,11871,2031
830956169170665475,7949,1490
830583320585068544,66602,16658
830173239259324417,0,5651
830097400375152640,9763,2916
829878982036299777,0,4976
829861396166877184,12209,1927
829501995190984704,31652,10525
829449946868879360,10447,2007
829141528400556032,24336,7295
829011960981237760,53085,16231
828801551087042563,0,3404
828770345708580865,25536,5836
828708714936930305,36428,11120
828650029636317184,9485,1338
828409743546925057,6344,1163
828408677031882754,7664,1285
828381636999917570,12566,2207
828376505180889089,7371,1063
828372645993398273,12553,2923
828361771580813312,2193,173
828046555563323392,11734,2866
828011680017821696,10347,2142
827933404142436356,20075,5230
827653905312006145,15486,3016
827600520311402496,7452,937
827324948884643840,15834,3030
827199976799354881,10573,2215
826958653328592898,21552,4976
826848821049180160,36319,10116
826615380357632002,0,3979
826598799820865537,5127,250
826598365270007810,10046,2332
826476773533745153,18401,4181
826240494070030336,13300,2601
826204788643753985,4882,922
826115272272650244,15649,3104
825876512159186944,10491,1865
825829644528148480,12747,2484
825535076884762624,56898,17553
825147591692263424,18300,4537
825120256414846976,0,1250
825026590719483904,6309,1250
824796380199809024,0,5489
824775126675836928,14923,3506
824663926340194305,10530,1775
824325613288833024,11859,10532
824297048279236611,15078,3852
824025158776213504,4837,602
823939628516474880,10643,2707
823719002937630720,0,11182
823699002998870016,14016,2519
823581115634085888,13048,2621
823333489516937216,701,24
823322678127919110,15755,4017
823269594223824897,0,9886
822975315408461824,17359,3448
822872901745569793,131743,43215
822859134160621569,13291,2272
822647212903690241,0,6407
822610361945911296,14844,2955
822489057087389700,18211,6407
822462944365645825,28059,14295
822244816520155136,35031,9886
822163064745328640,0,4769
821886076407029760,11344,2306
821813639212650496,0,3365
821765923262631936,8430,1661
821522889702862852,8054,1762
821421320206483457,0,5596
821407182352777218,11803,4342
821153421864615936,257,10
821149554670182400,8662,1978
821107785811234820,9632,2136
821044531881721856,12708,2284
820837357901512704,0,6738
820749716845686786,31661,9892
820690176645140481,12264,3234
820494788566847489,0,566
820446719150292993,0,2569
820314633777061888,3362,566
820078625395449857,19892,6296
820013781606658049,0,1177
819952236453363712,5348,1177
819924195358416896,12971,4893
819711362133872643,13428,3114
819588359383371776,9683,1994
819347104292290561,7247,1208
819238181065359361,2279,408
819227688460238848,23158,6738
819015337530290176,0,37004
819015331746349057,0,19027
819006400881917954,45514,19027
819004803107983360,87306,37004
818646164899774465,0,21074
818627210458333184,22510,7562
818614493328580609,9890,2566
818588835076603904,0,6159
818536468981415936,10950,2463
818307523543449600,0,8118
818259473185828864,11072,2274
818145370475810820,12330,2580
817908911860748288,4888,805
817827839487737858,51888,27170
817777686764523521,10808,2703
817536400337801217,11831,2978
817502432452313088,0,3398
817423860136083457,33999,14761
817415592588222464,5627,947
817181837579653120,0,8499
817171292965273600,8816,2030
817120970343411712,12291,2605
817056546584727552,8640,1650
816829038950027264,0,4734
816816676327063552,10067,2047
816697700272001025,9840,2204
816450570814898180,30575,8118
816336735214911488,8655,1953
816091915477250048,9004,2151
816062466425819140,0,1025
816014286006976512,0,5289
815990720817401858,4972,1025
815966073409433600,22553,8499
815745968457060357,0,4148
815736392542261248,9908,2273
815639385530101762,8285,1665
815390420867969024,10430,3825
814986499976527872,7716,1282
814638523311648768,11350,2709
814578408554463233,0,5883
814530161257443328,8699,1873
814153002265309185,28937,8728
813944609378369540,0,3207
813910438903693312,9364,1874
813812741911748608,36676,14057
813800681631023104,8384,1771
813217897535406080,18782,7342
813202720496779264,9310,1827
813187593374461952,20020,4383
813172488309972993,9342,1940
813157409116065792,7839,2226
813142292504645637,8549,2403
813130366689148928,4506,452
813127251579564032,11938,3160
813112105746448384,10387,2761
813096984823349248,10659,3654
813081950185472002,9960,2805
813066809284972545,8016,1967
813051746834595840,21151,7420
812781120811126785,7635,1915
812709060537683968,6663,1445
812503143955202048,6123,1230
812466873996607488,8027,1948
812372279581671427,13763,3686
811985624773361665,7330,1412
811744202451197953,7616,1608
811647686436880384,5665,750
811627233043480576,12876,3107
811386762094317568,21103,6439
810984652412424192,5383,1452
810896069567610880,9091,1788
810657578271330305,11065,2673
810284430598270976,35555,11386
810254108431155201,14839,3404
809920764300447744,15689,3979
809808892968534016,0,4929
809448704142938112,7000,1477
809220051211603969,20103,5651
809084759137812480,13369,3566
808838249661788160,10214,3065
808733504066486276,7976,2189
808501579447930884,11419,2622
808344865868283904,42946,21074
808134635716833280,0,5984
808106460588765185,8880,2229
808001312164028416,12658,3572
807621403335917568,14728,3655
807106840509214720,119367,55899
807059379405148160,0,7414
807010152071229440,13210,3902
806629075125202948,75416,34953
806620845233815552,0,5583
806576416489959424,4948,1970
806542213899489280,10329,2378
806242860592926720,0,11735
806219024703037440,6508,1204
805958939288408065,0,5420
805932879469572096,8363,1942
805826884734976000,6628,1843
805823200554876929,0,8084
805520635690676224,5819,1674
805487436403003392,8884,2550
805207613751304193,7916,1736
804738756058218496,13848,3846
804475857670639616,6192,2029
804413760345620481,0,3265
804026241225523202,44895,16305
803773340896923648,10157,2766
803692223237865472,0,7507
803638050916102144,11049,4186
803380650405482500,7858,1884
803321560782307329,0,5375
803276597545603072,10145,2479
802952499103731712,9109,2023
802624713319034886,0,2945
802600418706604034,7182,1482
802572683846291456,9030,2533
802323869084381190,16378,5884
802265048156610565,6830,1387
802239329049477120,9179,2649
802185808107208704,0,274
801958328846974976,7839,1735
801854953262350336,1803,238
801538201127157760,8315,2093
801285448605831168,6116,828
801167903437357056,24708,5984
801127390143516673,0,3993
801115127852503040,8164,2119
800859414831898624,694,98
800855607700029440,0,1627
800751577355128832,10672,2822
800513324630806528,13265,3016
800459316964663297,9619,2189
800443802682937345,0,4369
800388270626521089,11265,2839
800188575492947969,0,3989
800141422401830912,15449,2569
800018252395122689,28668,13300
799774291445383169,0,4735
799757965289017345,8484,2188
799422933579902976,8160,1943
799308762079035393,0,5527
799297110730567681,9992,2789
799063482566066176,8160,2495
798933969379225600,13225,4505
798925684722855936,7586,1454
798705661114773508,0,6718
798701998996647937,0,7870
798697898615730177,0,6598
798694562394996736,0,5006
798686750113755136,0,2360
798682547630837760,0,4777
798673117451325440,0,5606
798665375516884993,0,3954
798644042770751489,0,1875
798628517273620480,0,1998
798585098161549313,0,5754
798576900688019456,0,5913
798340744599797760,0,3365
798209839306514432,10536,2592
797971864723324932,11719,3144
797545162159308800,14708,4915
797236660651966464,20163,6651
797165961484890113,226,26
796904159865868288,0,9025
796865951799083009,7771,1943
796759840936919040,11952,3062
796563435802726400,0,7348
796484825502875648,7651,1778
796387464403357696,11116,4186
796177847564038144,0,14415
796149749086875649,32575,14415
796125600683540480,5018,1825
796116448414461957,9195,2441
796080075804475393,8557,2331
796031486298386433,10916,3748
795464331001561088,50053,23842
795400264262053889,10169,2898
795076730285391872,16361,5489
794983741416415232,0,3402
794926597468000259,10345,2321
794355576146903043,0,10396
794332329137291264,9684,2713
794205286408003585,9318,3356
793962221541933056,16992,4929
793845145112371200,9318,1883
793614319594401792,0,3165
793601777308463104,8063,1639
793500921481273345,10778,2397
793286476301799424,24828,9254
793271401113350145,8790,2415
793256262322548741,20157,8414
793241302385262592,10616,3326
793226087023144960,9935,2906
793210959003287553,9016,2827
793195938047070209,15430,5685
793180763617361921,7005,2024
793165685325201412,9502,2818
793150605191548928,6241,1717
793135492858580992,6477,2519
793120401413079041,12788,3959
792913359805018113,14482,4022
792883833364439040,11415,4310
792773781206999040,7427,1693
792394556390137856,13574,4332
792050063153438720,7223,1816
791821351946420224,0,21304
791784077045166082,0,9672
791780927877898241,0,3856
791774931465953280,45563,22402
791672322847637504,11862,3165
791406955684368384,13260,4148
791312159183634433,8871,2564
791026214425268224,0,4138
790987426131050500,9920,2154
790946055508652032,16805,4734
790723298204217344,0,2333
790698755171364864,8299,1945
790581949425475584,20847,7212
790337589677002753,7901,1901
790277117346975746,12688,3207
790227638568808452,0,3602
789986466051088384,9345,2333
789960241177853952,0,4163
789903600034189313,10441,4176
789628658055020548,7564,1784
789599242079838210,6832,1943
789530877013393408,11826,3402
789314372632018944,8741,2314
789280767834746880,0,4985
789268448748703744,9203,2628
789137962068021249,9808,2814
788908386943430656,27675,12591
788765914992902144,27598,10396
788552643979468800,0,7243
788412144018661376,15697,5313
788178268662984705,7293,2110
788150585577050112,6178,1296
788070120937619456,0,3454
788039637453406209,6181,1330
787810552592695296,8689,3082
787717603741622272,10347,2796
787397959788929025,10989,2867
787322443945877504,7853,1754
787111942498508800,0,6810
786963064373534720,26861,8044
786729988674449408,0,2442
786709082849828864,18374,6166
786664955043049472,10675,2573
786595970293370880,9527,3144
786363235746385920,10973,3526
786286427768250368,8040,2859
786233965241827333,15384,4769
786051337297522688,1432,155
786036967502913536,0,7062
785927819176054784,11481,3207
785872687017132033,6749,1825
785639753186217984,7914,2254
785533386513321988,9191,2013
785515384317313025,6174,1267
785264754247995392,7319,1638
785170936622350336,12126,4870
784826020293709826,10173,3265
784517518371221505,9035,2555
784431430411685888,5749,1279
784183165795655680,20209,8084
784057939640352768,29959,11182
783839966405230592,30232,10838
783821107061198850,7405,1990
783695101801398276,10532,3234
783466772167098368,8522,2260
783391753726550016,16991,5506
783347506784731136,0,5579
783334639985389568,29331,11735
783085703974514689,8208,2214
782969140009107456,24288,7414
782747134529531904,7512,1417
782722598790725632,17364,5420
782598640137187329,7839,1886
782305867769217024,16745,5596
782021823840026624,0,6232
781955203444699136,11198,3388
781661882474196992,10485,2726
781655249211752448,4013,1137
781524693396357120,20859,5583
781308096455073793,7182,2568
781251288990355457,8494,2084
781163403222056960,9863,2758
780931614150983680,21760,7348
780858289093574656,7226,2021
780800785462489090,5511,1307
780601303617732608,12181,3365
780543529827336192,6332,1750
780496263422808064,0,3697
780476555013349377,0,113
780459368902959104,5322,1083
780192070812196864,8753,2246
780092040432480260,0,2306
780074436359819264,12231,4989
779834332596887552,18980,7062
779377524342161408,8835,3119
779124354206535695,0,18350
779056095788752897,14823,4551
778990705243029504,20049,7216
778774459159379968,0,9913
778764940568104960,871,362
778748913645780993,6923,1317
778650543019483137,5789,1504
778624900596654080,4654,1012
778408200802557953,13683,4339
778396591732486144,0,12259
778383385161035776,5860,1106
778286810187399168,10407,3302
778039087836069888,8536,2651
778027034220126208,6568,1615
777953400541634568,0,3532
777885040357281792,6364,1635
777684233540206592,11258,2945
777641927919427584,0,4234
777621514455814149,8766,2507
777189768882946048,14314,4312
776819012571455488,0,13703
776813020089548800,4894,1210
776477788987613185,8853,2790
776249906839351296,0,9135
776218204058357768,29936,15888
776201521193218049,9642,2524
776113305656188928,11797,4369
776088319444877312,1847,151
775898661951791106,0,16537
775842724423557120,11730,2657
775733305207554048,13911,3993
775729183532220416,13016,4606
775364825476165632,7419,2973
775350846108426240,10187,3911
775085132600442880,15591,4735
774757898236878852,8627,1790
774639387460112384,6744,1732
774314403806253056,21822,5527
773985732834758656,10732,3859
773922284943896577,6412,1749
773704687002451968,6608,1630
773670353721753600,5371,1311
773547596996571136,22149,6159
773336787167145985,0,5069
773308824254029826,23343,7468
773247561583001600,9479,3250
773191612633579521,10002,4130
772877495989305348,8568,3882
772826264096874500,8066,2347
772615324260794368,0,3378
772581559778025472,6504,1697
772193107915964416,6049,1395
772152991789019136,3803,1130
772117678702071809,3780,739
772114945936949249,2728,467
772102971039580160,4000,943
771908950375665664,6599,1904
771770456517009408,12020,3365
771500966810099713,8270,2608
771380798096281600,10486,5069
771171053431250945,0,7446
771136648247640064,9154,2920
771102124360998913,6243,1441
771014301343748096,6867,1655
770787852854652928,4922,1198
770772759874076672,5168,1416
770655142660169732,7341,1765
770414278348247044,6328,2098
770293558247038976,6245,1474
770093767776997377,0,3049
770069151037685760,7594,2295
769940425801170949,31328,9549
769695466921623552,6410,1681
769335591808995329,0,7717
769212283578875904,5394,1717
768970937022709760,14350,6495
768909767477751808,0,2667
768855141948723200,4199,886
768609597686943744,4123,1202
768596291618299904,5036,1279
768554158521745409,0,5836
768473857036525572,13617,3418
768193404517830656,10865,3532
767884188863397888,4735,1378
767754930266464257,15980,5375
767500508068192258,7499,2336
767191397493538821,12304,3751
767122157629476866,10168,2849
766864461642756096,0,5614
766793450729734144,5066,1352
766714921925144576,2610,376
766693177336135680,4001,792
766423258543644672,5992,1582
766313316352462849,6791,1885
766078092750233600,0,2615
766069199026450432,4220,850
766008592277377025,3734,495
765719909049503744,7232,2146
765669560888528897,5183,1219
765395769549590528,26592,3370
765371061932261376,7058,2157
765222098633691136,11617,3378
764857477905154048,6442,1772
764259802650378240,6005,1496
763956972077010945,758,54
763837565564780549,12542,4138
763183847194451968,5371,1463
763167063695355904,0,2999
763103485927849985,7343,2285
762699858130116608,12108,3602
762471784394268675,11189,6384
762464539388485633,10266,4163
762316489655476224,4789,1119
762035686371364864,31767,15488
761976711479193600,5395,1999
761750502866649088,0,3892
761745352076779520,4266,859
761672994376806400,49345,28958
761599872357261312,4116,1184
761371037149827077,0,17986
761334018830917632,5183,1442
761292947749015552,4473,1080
761227390836215808,5313,1558
761004547850530816,11299,3454
760893934457552897,3806,970
760656994973933572,6570,1900
760641137271070720,4967,1292
760539183865880579,7545,3603
760521673607086080,4203,1382
760290219849637889,26707,11424
760252756032651264,3940,865
760190180481531904,5681,1791
760153949710192640,0,30
759943073749200896,5932,2065
759923798737051648,14620,5614
759846353224826880,6710,1954
759793422261743616,5928,1894
759557299618865152,4673,1177
759447681597108224,8450,2442
759446261539934208,1665,484
759197388317847553,6054,1935
759159934323924993,0,1148
759099523532779520,14449,4144
759047813560868866,6459,1995
758854675097526272,3533,890
758828659922702336,11176,3817
758740312047005698,5709,1605
758474966123810816,3784,993
758467244762497024,4762,2196
758405701903519748,5191,1894
758355060040593408,3382,1060
758099635764359168,18968,9913
758041019896193024,2689,369
757741869644341248,6848,3227
757729163776290825,0,7870
757725642876129280,4525,1199
757611664640446465,4543,1098
757597904299253760,0,298
757596066325864448,4308,1046
757400162377592832,15049,6798
757393109802180609,5781,1723
757354760399941633,4494,1409
756998049151549440,6238,1970
756939218950160384,6613,1992
756651752796094464,5022,1288
756526248105566208,10365,3553
756303284449767430,3908,1088
756288534030475264,43769,17573
756275833623502848,6379,1517
755955933503782912,7276,2859
755206590534418437,16349,5319
755110668769038337,21058,11012
754874841593970688,0,7835
754856583969079297,6870,2497
754747087846248448,2573,514
754482103782404096,5251,1941
754449512966619136,3725,728
754120377874386944,7836,2342
753655901052166144,5800,2157
753420520834629632,7847,3531
753398408988139520,5715,1883
753375668877008896,7590,2306
753298634498793472,0,5647
753294487569522689,3348,1031
753039830821511168,36901,20696
753026973505581056,3896,954
752932432744185856,12546,6810
752917284578922496,6894,1564
752701944171524096,0,2831
752682090207055872,5968,1580
752660715232722944,4356,1544
752568224206688256,5463,2261
752519690950500352,7319,3412
752334515931054080,3787,1084
752309394570878976,0,16104
752173152931807232,5925,1821
751950017322246144,3038,904
751937170840121344,5156,1315
751830394383790080,5770,1926
751793661361422336,5786,2875
751598357617971201,7870,3017
751583847268179968,4361,1090
751538714308972544,5003,1247
751456908746354688,3191,992
751251247299190784,12421,5818
751205363882532864,6282,1798
751132876104687617,5029,1290
750868782890057730,4749,1348
750719632563142656,13078,4985
750506206503038976,4406,1133
750429297815552001,13086,4234
750383411068534784,4523,1141
750381685133418496,689,27
750147208377409536,3081,954
750132105863102464,3586,1285
750117059602808832,4298,1297
750101899009982464,3022,831
750086836815486976,2152,525
750071704093859840,7776,3291
750056684286914561,3139,889
750041628174217216,3148,607
750026558547456000,2702,778
750011400160841729,3227,896
749996283729883136,3046,806
749981277374128128,5087,2436
749774190421639168,4631,1307
749417653287129088,6068,1621
749403093750648834,2601,530
749395845976588288,8491,3400
749317047558017024,5454,2215
749075273010798592,5712,2052
749064354620928000,4769,1504
749036806121881602,3069,788
748977405889503236,10684,3362
748932637671223296,5760,2218
748705597323898880,2756,941
748699167502000129,4696,1565
748692773788876800,4209,1319
748575535303884801,6019,1954
748568946752774144,2181,665
748346686624440324,5170,1218
748337862848962560,7564,4051
748324050481647620,3645,750
748307329658011649,3640,703
748220828303695873,14003,7693
747963614829678593,5720,2108
747933425676525569,6545,2506
747885874273214464,2913,958
747844099428986880,2793,741
747816857231626240,4801,1145
747651430853525504,1372,153
747648653817413632,12757,5780
747600769478692864,2304,551
747594051852075008,3637,1046
747512671126323200,5475,1591
747461612269887489,3830,1031
747439450712596480,5364,1890
747242308580548608,0,2878
747219827526344708,5200,1548
747204161125646336,3343,913
747103485104099331,9465,3922
746906459439529985,2868,293
746872823977771008,5912,2106
746818907684614144,5265,1720
746790600704425984,4810,1582
746757706116112384,9477,3856
746726898085036033,5974,1776
746542875601690625,4980,1856
746521445350707200,0,975
746507379341139972,4603,1070
746369468511756288,6118,1612
746131877086527488,6833,2169
746056683365994496,3520,802
745789745784041472,3973,1053
745712589599014916,6916,2297
745433870967832576,7000,2505
745422732645535745,8477,2404
745314880350101504,7093,2722
745074613265149952,7739,3435
745057283344719872,7175,2220
744995568523612160,2940,608
744971049620602880,7787,2645
744709971296780288,5548,1543
744334592493166593,6699,2075
744234799360020481,154465,76699
744223424764059648,1642,357
743980027717509120,4118,1076
743895849529389061,3607,951
743835915802583040,0,2037
743609206067040256,4417,1361
743595368194129920,18108,6431
743545585370791937,3487,928
743510151680958465,7838,3685
743253157753532416,4175,1208
743222593470234624,6117,1885
743210557239623680,3785,1340
742534281772302336,6994,3519
742528092657332225,4359,1936
742465774154047488,7168,3867
742423170473463808,9696,3697
742385895052087300,6711,1937
742161199639494656,4271,1347
742150209887731712,5045,1525
741793263812808706,4484,1491
741743634094141440,8060,2710
741438259667034112,3635,813
741303864243200000,8671,3152
741099773336379392,9848,5424
741067306818797568,9396,3049
740995100998766593,6275,2691
740711788199743490,3357,921
740699697422163968,2807,770
740676976021798912,17938,6718
740373189193256964,34577,13113
740365076218183684,2421,425
740359016048689152,3246,850
740214038584557568,6594,1931
739979191639244800,19690,5836
739932936087216128,3997,1060
739844404073074688,3756,847
739623569819336705,3719,1333
739606147276148736,5317,1630
739544079319588864,38952,20883
739485634323156992,7049,2882
739238157791694849,114224,56991
738891149612572673,109,6
738885046782832640,3722,1127
738883359779196928,3258,778
738537504001953792,5012,1504
738402415918125056,3203,813
738184450748633089,4253,1195
738166403467907072,8650,3297
738156290900254721,2463,627
737826014890496000,5187,1737
737800304142471168,9847,3406
737678689543020544,4966,1286
737445876994609152,10091,4383
737322739594330112,3548,799
737310737551491075,14429,7286
736736130620620800,4183,1698
736392552031657984,17425,7243
736365877722001409,3906,1223
736225175608430592,7994,2731
736010884653420544,7761,2927
735991953473572864,3540,1129
735648611367784448,3972,1081
735635087207878657,6071,2313
735274964362878976,12823,4932
735256018284875776,3276,862
735137028879360001,3078,957
734912297295085568,2706,516
734787690684657664,12331,6173
734776360183431168,2460,528
734559631394082816,1462,390
733828123016450049,3520,764
733822306246479872,3607,1006
733482008106668032,3085,932
733460102733135873,4119,1254
733109485275860992,49430,16537
732732193018155009,2391,525
732726085725589504,3492,875
732585889486888962,3602,766
732375214819057664,7946,2469
732005617171337216,14644,5289
731285275100512256,3428,975
731156023742988288,3769,1245
730924654643314689,6039,1939
730573383004487680,4808,2090
730427201120833536,3432,1026
730211855403241472,3753,1039
730196704625098752,4757,1861
729854734790754305,3959,1102
729838605770891264,1690,374
729823566028484608,3906,1224
729463711119904772,5692,2272
729113531270991872,1840,316
728986383096946689,3091,806
728760639972315136,4593,1664
728751179681943552,2712,665
728653952833728512,3257,1016
728409960103686147,4826,1958
728387165835677696,3636,944
728046963732717569,4223,1176
728035342121635841,4487,1635
728015554473250816,4045,1084
727685679342333952,2912,631
727644517743104000,5762,1712
727524757080539137,4400,1193
727314416056803329,3280,723
727286334147182592,3002,796
727175381690781696,3847,1359
727155742655025152,3558,1302
726935089318363137,6747,2391
726887082820554753,3771,1495
726828223124897792,3501,984
726224900189511680,4347,1120
725842289046749185,6947,2615
725786712245440512,4100,1341
725729321944506368,5104,1749
725458796924002305,1391,605
724983749226668032,3662,1282
724771698126512129,2305,623
724405726123311104,5187,1617
724049859469295616,4251,1741
724046343203856385,2610,544
724004602748780546,4108,1508
723912936180330496,3814,1211
723688335806480385,7534,2875
723673163800948736,2958,872
723179728551723008,5213,1825
722974582966214656,4035,1532
722613351520608256,4872,1604
721503162398597120,4529,1794
721001180231503872,2483,598
720785406564900865,3051,752
720775346191278080,2411,647
720415127506415616,4044,1469
720389942216527872,6244,2450
720340705894408192,2808,958
720059472081784833,3791,1104
720043174954147842,4822,1967
719991154352222208,4750,1705
719704490224398336,4453,1396
719551379208073216,4954,1858
719367763014393856,2744,729
719339463458033665,4354,1205
719332531645071360,3366,928
718971898235854848,3424,1053
718939241951195136,5153,1721
718631497683582976,18542,7870
718613305783398402,2397,472
718540630683709445,2407,997
718460005985447936,2647,514
718454725339934721,4770,1480
718246886998687744,1873,487
718234618122661888,3798,968
717841801130979328,2408,592
717790033953034240,2824,1087
717537687239008257,5669,1815
717428917016076293,1582,437
717421804990701568,3102,822
717047459982213120,6174,1887
717009362452090881,3185,942
716802964044845056,4208,1146
716791146589110272,8027,1546
716730379797970944,1209,416
716447146686459905,12815,5746
716439118184652801,2334,204
716285507865542656,2719,1031
716080869887381504,6647,1858
715928423106027520,3134,859
715758151270801409,3654,1407
715733265223708672,4571,1653
715704790270025728,2738,557
715696743237730304,3841,1263
715680795826982913,4224,1577
715360349751484417,5374,1530
715342466308784130,2988,683
715220193576927233,2378,637
715200624753819648,5046,1841
715009755312439296,4076,1201
714982300363173890,3665,1014
714962719905021952,7220,4172
714957620017307648,4064,1383
714631576617938945,3214,973
714606013974974464,3563,906
714485234495041536,2629,1103
714258258790387713,2978,710
714251586676113411,3213,820
714214115368108032,2232,852
714141408463036416,4244,1368
713919462244790272,3238,777
713909862279876608,1860,528
713900603437621249,2778,726
713761197720473600,4779,1342
713411074226274305,4363,1275
713177543487135744,7097,2783
713175907180089344,4381,1445
712809025985978368,18726,6598
712717840512598017,12121,4874
712668654853337088,4107,1193
712438159032893441,5229,1537
712309440758808576,238,25
712097430750289920,3714,1014
712092745624633345,2892,869
712085617388212225,3216,476
712065007010385924,2226,609
711998809858043904,0,125
711968124745228288,7916,2255
711743778164514816,2789,970
711732680602345472,8679,4025
711694788429553666,32319,17986
711652651650457602,3790,898
711363825979756544,3586,1109
711306686208872448,3245,721
711008018775851008,2951,601
710997087345876993,4495,1364
710844581445812225,2503,672
710833117892898816,2643,520
710658690886586372,2266,549
710609963652087808,4719,2327
710588934686908417,4458,1826
710296729921429505,2333,721
710283270106132480,2114,514
710272297844797440,4452,1229
710269109699739648,2354,1096
710153181850935296,2855,875
710140971284037632,2706,862
710117014656950272,5385,1954
709918798883774466,3434,1069
709901256215666688,653,99
709852847387627521,3458,1182
709566166965075968,3487,1181
709556954897764353,3234,1053
709519240576036864,1470,233
709449600415961088,2183,560
709409458133323776,2570,669
709225125749587968,2377,565
709207347839836162,12314,5672
709198395643068416,2397,633
709179584944730112,1968,659
709158332880297985,2005,409
709042156699303936,4658,1599
708853462201716736,1775,649
708845821941387268,2932,881
708834316713893888,1659,492
708810915978854401,16205,6790
708738143638450176,2705,795
708711088997666817,2496,705
708479650088034305,2505,669
708469915515297792,3054,802
708400866336894977,15720,9869
708356463048204288,3523,1290
708349470027751425,2308,723
708149363256774660,4219,1528
708130923141795840,3328,838
708119489313951744,2651,965
708109389455101952,1916,543
708026248782585858,4325,1899
707995814724026368,3084,1107
707983188426153984,49,2
707969809498152960,2660,951
707776935007539200,3233,943
707741517457260545,2451,602
707738799544082433,4017,2416
707693576495472641,3347,970
707629649552134146,2538,857
707610948723478529,16703,6232
707420581654872064,2234,682
707411934438625280,2271,587
707387676719185920,3441,1262
707377100785885184,3224,1073
707315916783140866,2437,631
707297311098011648,2728,768
707059547140169728,2556,661
707038192327901184,2156,772
707021089608753152,4022,1332
707014260413456384,2271,588
706904523814649856,14349,7717
706901761596989440,2020,584
706681918348251136,3251,961
706644897839910912,2533,1071
706593038911545345,2123,621
706538006853918722,3431,1407
706516534877929472,3071,1020
706346369204748288,3402,907
706310011488698368,20980,7779
706291001778950144,1673,472
706265994973601792,2692,922
706169069255446529,3841,2166
706166467411222528,5082,1578
706153300320784384,1459,380
705975130514706432,3059,719
705970349788291072,3127,880
705898680587526145,2330,539
705786532653883392,1907,508
705591895322394625,3122,1130
705475953783398401,2910,894
705442520700944385,4362,1595
705428427625635840,3754,1652
705239209544720384,2957,739
705223444686888960,2548,786
705102439679201280,2107,509
705066031337840642,2151,611
704871453724954624,4220,1098
704859558691414016,2219,530
704847917308362754,4991,1498
704819833553219584,2603,967
704761120771465216,6545,2878
704499785726889984,2869,997
704491224099647488,740,76
704480331685040129,3336,1053
704364645503647744,7869,3491
704347321748819968,1556,345
704134088924532736,1483,450
704113298707505153,1824,565
704054845121142784,2881,899
703774238772166656,1815,452
703769065844768768,3223,1128
703631701117943808,2533,672
703611486317502464,3784,1503
703425003149250560,3749,1347
703407252292673536,2402,686
703382836347330562,3468,1124
703356393781329922,1886,380
703268521220972544,1953,541
703079050210877440,7278,3017
703041949650034688,25957,12259
702932127499816960,2541,713
702899151802126337,1592,447
702684942141153280,3179,1057
702671118226825216,2166,550
702598099714314240,12063,3372
702539513671897089,2847,945
702332542343577600,3133,1524
702321140488925184,3224,1027
702276748847800320,2427,755
702217446468493312,4696,1320
701981390485725185,3396,976
701952816642965504,3795,1007
701889187134500865,3488,1364
701805642395348998,3363,1647
701601587219795968,2065,443
701570477911896070,2771,911
701545186879471618,2621,599
701214700881756160,12029,5006
700890391244103680,2190,558
700864154249383937,2560,611
700847567345688576,2419,494
700796979434098688,2405,925
700747788515020802,22499,9135
700518061187723268,2568,785
700505138482569216,2259,557
700462010979500032,4066,1761
700167517596164096,2596,717
700151421916807169,2207,662
700143752053182464,7427,2667
700062718104104960,2612,679
700029284593901568,2045,577
700002074055016451,3271,1317
699801817392291840,3019,935
699788877217865730,2199,503
699779630832685056,2701,1212
699775878809702401,1938,595
699691744225525762,10136,4533
699446877801091073,5871,2572
699434518667751424,2136,507
699423671849451520,1339,320
699413908797464576,2049,620
699370870310113280,1862,431
699323444782047232,3104,851
699088579889332224,2215,623
699079609774645248,2414,645
699072405256409088,2929,1175
699060279947165696,3690,1768
699036661657767936,2566,1183
698989035503689728,3298,956
698953797952008193,2639,889
698907974262222848,2501,614
698710712454139905,2427,669
698703483621523456,1428,371
698635131305795584,1278,336
698549713696649216,2287,615
698355670425473025,1819,439
698342080612007937,2238,942
698262614669991936,4693,1968
698195409219559425,16541,5883
698178924120031232,2774,730
697995514407682048,1495,329
697990423684476929,3245,1269
697943111201378304,2356,665
697881462549430272,2972,1156
697630435728322560,1716,532
697616773278015490,3109,995
697596423848730625,2974,1244
697575480820686848,2014,493
697516214579523584,2021,1095
697482927769255936,2384,658
697463031882764288,3372,1377
697270446429966336,4629,1841
697259378236399616,3250,985
697255105972801536,3000,1147
697242256848379904,2480,659
696900204696625153,3124,1004
696894894812565505,2315,673
696886256886657024,4784,1767
696877980375769088,2411,703
696754882863349760,1461,356
696744641916489729,2040,920
696713835009417216,2348,639
696518437233913856,3847,1686
696490539101908992,1197,139
696488710901260288,2484,1003
696405997980676096,3159,1138
696100768806522880,1897,640
695816827381944320,2970,1146
695794761660297217,3114,755
695767669421768709,1833,730
695629776980148225,4504,2052
695446424020918272,4341,1784
695409464418041856,8551,3513
695314793360662529,3580,1424
695095422348574720,2597,602
695074328191332352,2802,1071
695064344191721472,1581,582
695051054296211456,2627,778
694925794720792577,2654,904
694905863685980160,2714,920
694669722378485760,35302,14124
694356675654983680,1481,282
694352839993344000,2002,605
694342028726001664,1559,479
694329668942569472,1968,494
694206574471057408,4110,2006
694183373896572928,2918,915
694001791655137281,3358,1011
693993230313091072,1849,395
693942351086120961,1724,362
693647888581312512,2643,574
693644216740769793,1329,122
693642232151285760,2501,406
693629975228977152,2411,779
693622659251335168,1509,368
693590843962331137,4978,1924
693582294167244802,1617,242
693486665285931008,1749,623
693280720173801472,3305,1215
693267061318012928,2347,802
693262851218264065,2179,490
693231807727280129,2831,724
693155686491000832,7773,3160
693109034023534592,1684,600
693095443459342336,1828,451
692919143163629568,2640,739
692905862751522816,2390,852
692901601640583168,1735,592
692894228850999298,2226,783
692828166163931137,2823,868
692752401762250755,6710,3577
692568918515392513,4298,1507
692535307825213440,3115,1336
692530551048294401,1806,406
692423280028966913,1459,224
692417313023332352,9243,3398
692187005137076224,2497,800
692158366030913536,2118,777
692142790915014657,1626,388
692041934689402880,3363,1245
692017291282812928,2848,940
691820333922455552,3903,1630
691793053716221953,8034,4154
691756958957883396,2808,978
691675652215414786,1932,499
691483041324204033,2350,557
691459709405118465,3992,1119
691444869282295808,2612,836
691416866452082688,19050,7507
691321916024623104,2531,652
691096613310316544,2926,866
691090071332753408,1701,328
690989312272396288,5822,2823
690959652130045952,3527,1224
690938899477221376,4030,1916
690932576555528194,3238,997
690735892932222976,3729,1246
690728923253055490,2147,508
690690673629138944,2295,807
690649993829576704,1283,272
690607260360429569,291,18
690597161306841088,1926,592
690400367696297985,1861,443
690374419777196032,3209,833
690360449368465409,2634,866
690348396616552449,1489,507
690248561355657216,1651,412
690021994562220032,2748,1012
690015576308211712,2451,721
690005060500217858,3618,1657
689999384604450816,1398,360
689993469801164801,1436,443
689977555533848577,1351,438
689905486972461056,2407,689
689877686181715968,2994,1146
689835978131935233,2137,737
689661964914655233,3179,913
689659372465688576,10236,3786
689623661272240129,2199,630
689599056876867584,11485,5413
689557536375177216,2014,449
689517482558820352,3353,1404
689289219123089408,2227,923
689283819090870273,3220,1086
689280876073582592,1958,697
689275259254616065,1129,242
689255633275777024,2521,1066
689154315265683456,3038,982
689143371370250240,1993,499
688916208532455424,2675,852
688908934925697024,2087,750
688898160958271489,2064,767
688894073864884227,2212,676
688828561667567616,1361,366
688804835492233216,953,191
688789766343622656,2190,653
688547210804498433,2554,686
688519176466644993,2288,716
688385280030670848,9156,4408
688211956440801280,2212,816
688179443353796608,2110,576
688116655151435777,2784,759
688064179421470721,1707,355
687841446767013888,5378,2460
687826841265172480,2709,1103
687818504314159109,2443,932
687807801670897665,2366,706
687732144991551489,1732,653
687704180304273409,2395,827
687664829264453632,1910,504
687494652870668288,1867,568
687480748861947905,1577,235
687476254459715584,1956,523
687460506001633280,2031,539
687399393394311168,1863,607
687317306314240000,19870,9025
687312378585812992,4294,1869
687127927494963200,5357,2232
687124485711986689,2148,498
687109925361856513,5714,2413
687102708889812993,2310,965
687096057537363968,2206,595
686947101016735744,8517,3143
686760001961103360,3470,1357
686749460672679938,3426,1431
686730991906516992,4073,1178
686683045143953408,2783,786
686618349602762752,3658,1344
686606069955735556,1862,535
686394059078897668,1719,682
686386521809772549,3210,864
686377065986265092,2171,555
686358356425093120,2150,656
686286779679375361,3945,1635
686050296934563840,2185,716
686035780142297088,1137,115
686034024800862208,3038,1126
686007916130873345,2446,401
686003207160610816,1802,614
685973236358713344,2071,515
685943807276412928,1606,580
685906723014619143,7400,2821
685681090388975616,2001,119
685667379192414208,2328,553
685663452032069632,3183,1428
685641971164143616,2896,763
685547936038666240,32452,15342
685532292383666176,2998,1140
685325112850124800,9325,3892
685321586178670592,2614,626
685315239903100929,3256,1024
685307451701334016,2043,433
685268753634967552,3055,1179
685198997565345792,2305,658
685169283572338688,4056,1405
684969860808454144,2358,362
684959798585110529,6733,3070
684940049151070208,3166,1027
684926975086034944,3435,455
684914660081053696,3466,1428
684902183876321280,1843,519
684880619965411328,2058,797
684830982659280897,34527,21304
684800227459624960,2696,987
684594889858887680,8789,3443
684588130326986752,4067,1383
684567543613382656,2975,1191
684538444857667585,2613,933
684481074559381504,3827,1151
684460069371654144,1943,552
684241637099323392,8008,3217
684225744407494656,1207,203
684222868335505415,3765,1341
684200372118904832,2119,1019
684195085588783105,1875,500
684188786104872960,3441,1150
684177701129875456,1992,655
684147889187209216,2947,1491
684122891630342144,1979,461
684097758874210310,4054,1406
683857920510050305,3750,1103
683852578183077888,1907,340
683849932751646720,2568,945
683834909291606017,2589,1094
683828599284170753,2760,1050
683773439333797890,3296,1325
683742671509258241,6376,3237
683515932363329536,7223,2831
683498322573824003,3128,948
683481228088049664,2620,982
683462770029932544,2390,662
683449695444799489,3837,1579
683391852557561860,7535,2360
683357973142474752,2862,901
683142553609318400,2832,1022
683111407806746624,3357,895
683098815881154561,2138,645
683078886620553216,1960,552
683030066213818368,2137,729
682962037429899265,36235,16229
682808988178739200,1754,165
682788441537560576,2436,1087
682750546109968385,1498,428
682697186228989953,1295,355
682662431982772225,3013,1059
682638830361513985,2046,587
682429480204398592,3384,1131
682406705142087680,7450,1734
682393905736888321,2202,656
682389078323662849,1633,451
682303737705140231,3005,958
682259524040966145,4066,1177
682242692827447297,3191,1138
682088079302213632,17961,9672
682059653698686977,4865,1649
682047327939461121,3145,922
682032003584274432,6482,1965
682003177596559360,3071,1491
681981167097122816,2771,1014
681891461017812993,2434,799
681694085539872773,12617,3989
681679526984871937,1742,431
681654059175129088,2599,910
681610798867845120,1874,458
681579835668455424,3499,1276
681523177663676416,14066,5647
681340665377193984,1622,273
681339448655802368,9140,4012
681320187870711809,2606,727
681302363064414209,3873,1782
681297372102656000,3162,934
681281657291280384,3183,1082
681261549936340994,1434,266
681242418453299201,1461,520
681231109724700672,2368,475
681193455364796417,3635,1447
680970795137544192,2384,643
680959110691590145,4512,1966
680940246314430465,3154,1026
680934982542561280,2060,427
680913438424612864,2364,610
680889648562991104,1735,357
680836378243002368,3406,1295
680805554198020098,2122,654
680801747103793152,2345,805
680798457301471234,2801,1010
680609293079592961,2584,684
680583894916304897,3570,1306
680497766108381184,4162,1871
680494726643068929,1688,477
680473011644985345,2499,733
680440374763077632,1424,490
680221482581123072,1444,289
680206703334408192,2777,1140
680191257256136705,2110,488
680176173301628928,3829,1517
680161097740095489,2286,722
680145970311643136,3546,1706
680130881361686529,2246,921
680115823365742593,2671,881
680100725817409536,3513,1344
680085611152338944,12592,8801
680070545539371008,2537,844
679877062409191424,1948,636
679872969355714560,2149,650
679862121895714818,2407,603
679854723806179328,2801,1203
679844490799091713,2322,744
679828447187857408,35600,13703
679777920601223168,3047,1076
679736210798047232,2056,774
679729593985699840,2125,808
679722016581222400,1631,458
679530280114372609,4701,2032
679527802031484928,2588,706
679511351870550016,3293,1235
679503373272485890,3114,1434
679475951516934144,2054,624
679462823135686656,30952,18350
679405845277462528,2326,1172
679158373988876288,20848,7835
679148763231985668,2717,1001
679132435750195208,2921,1127
679111216690831360,5849,2522
679062614270468097,16580,7870
679047485189439488,2196,649
679001094530465792,2768,1190
678991772295516161,2244,1125
678969228704284672,1604,445
678800283649069056,2513,870
678798276842360832,3385,1130
678774928607469569,2752,881
678767140346941444,3452,1322
678764513869611008,1601,462
678755239630127104,6944,3190
678740035362037760,3668,1629
678708137298427904,5472,2364
678675843183484930,2799,1417
678643457146150913,1999,389
678446151570427904,3911,1499
678424312106393600,5350,2470
678410210315247616,4113,1752
678399652199309312,77560,30891
678396796259975168,1555,402
678389028614488064,1825,410
678380236862578688,2380,880
678341075375947776,1694,517
678334497360859136,1276,243
678278586130948096,11169,5923
678255464182861824,1551,354
678023323247357953,1867,370
678021115718029313,13298,6159
677961670166224897,3336,1638
677918531514703872,1309,396
677895101218201600,4710,2007
677716515794329600,2981,950
677700003327029250,3311,1406
677698403548192770,1199,309
677687604918272002,2431,820
677673981332312066,3253,1456
677662372920729601,1903,924
677644091929329666,1804,777
677573743309385728,2080,684
677565715327688705,1270,449
677557565589463040,2390,1119
677547928504967168,6769,3569
677530072887205888,1036,221
677335745548390400,2966,1715
677334615166730240,1310,277
677331501395156992,1060,228
677328882937298944,3554,1458
677314812125323265,1596,518
677301033169788928,1203,390
677269281705472000,1927,682
677228873407442944,3457,1591
677187300187611136,2674,887
676975532580409345,2700,1033
676957860086095872,2183,787
676949632774234114,1268,383
676948236477857792,2103,836
676946864479084545,1686,353
676942428000112642,2016,725
676936541936185344,12371,4777
676916996760600576,2892,1751
676897532954456065,2190,705
676864501615042560,2040,684
676821958043033607,22259,15043
676819651066732545,1766,642
676811746707918848,1381,411
676776431406465024,4860,1963
676617503762681856,2803,927
676613908052996102,1049,193
676606785097199616,1840,415
676603393314578432,1128,371
676593408224403456,4424,2083
676590572941893632,892,116
676588346097852417,2246,756
676582956622721024,1156,264
676575501977128964,2501,1080
676533798876651520,1820,533
676496375194980353,1475,515
676470639084101634,11259,4501
676440007570247681,1672,639
676430933382295552,1355,329
676263575653122048,2019,521
676237365392908289,1170,276
676219687039057920,74090,29960
676215927814406144,1683,554
676191832485810177,2211,999
676146341966438401,1858,637
676121918416756736,2096,1122
676101918813499392,2739,1127
676098748976615425,2902,1366
676089483918516224,1266,423
675898130735476737,1562,554
675891555769696257,2053,824
675888385639251968,2299,922
675878199931371520,4040,1353
675870721063669760,1570,546
675853064436391936,2603,1244
675849018447167488,908,138
675845657354215424,2192,844
675822767435051008,1474,518
675820929667219457,1011,227
675798442703122432,9916,3296
675781562965868544,1570,450
675740360753160193,1125,328
675710890956750848,1815,780
675707330206547968,1901,657
675706639471788032,623,90
675534494439489536,1770,395
675531475945709568,1141,366
675522403582218240,1001,275
675517828909424640,1244,450
675501075957489664,16566,5606
675497103322386432,3020,1240
675489971617296384,1246,568
675483430902214656,1781,940
675432746517426176,1462,548
675372240448454658,1621,497
675362609739206656,1020,221
675354435921575936,31320,16104
675349384339542016,3781,2181
675334060156301312,2662,1235
675166823650848770,3431,1520
675153376133427200,5998,2467
675149409102012420,3611,1614
675147105808306176,904,220
675146535592706048,1136,283
675145476954566656,2052,854
675135153782571009,1258,457
675113801096802304,1873,753
675111688094527488,921,240
675109292475830276,2695,1088
675047298674663426,1026,306
675015141583413248,2594,1126
675006312288268288,941,212
675003128568291329,1500,441
674999807681908736,2155,1060
674805413498527744,825,341
674800520222154752,2894,814
674793399141146624,2403,1041
674790488185167872,1058,240
674788554665512960,779,203
674781762103414784,1928,1140
674774481756377088,1066,450
674767892831932416,1748,747
674764817387900928,758,227
674754018082705410,1313,421
674752233200820224,1406,444
674743008475090944,1342,522
674742531037511680,464,49
674739953134403584,1058,369
674737130913071104,618,83
674690135443775488,1100,452
674670581682434048,1545,615
674664755118911488,879,238
674646392044941312,1373,465
674644256330530816,993,259
674638615994089473,1622,557
674632714662858753,1445,548
674606911342424069,900,93
674468880899788800,5967,1937
674447403907457024,1020,344
674436901579923456,1064,368
674422304705744896,1371,517
674416750885273600,662,131
674410619106390016,1151,440
674394782723014656,1453,546
674372068062928900,816,301
674330906434379776,543,72
674318007229923329,1349,498
674307341513269249,10894,6621
674291837063053312,14076,5579
674271431610523648,1496,696
674269164442398721,873,219
674265582246694913,1572,802
674262580978937856,1253,430
674255168825880576,1400,518
674082852460433408,729,158
674075285688614912,950,270
674063288070742018,6105,2079
674053186244734976,3152,1230
674051556661161984,1389,465
674045139690631169,1343,608
674042553264685056,689,121
674038233588723717,1059,398
674036086168010753,817,194
674024893172875264,1700,1162
674019345211760640,1081,286
674014384960745472,1491,606
674008982932058114,1142,338
673956914389192708,1870,909
673919437611909120,1121,353
673906403526995968,3040,1551
673887867907739649,903,242
673716320723169284,2953,712
673715861853720576,3388,1959
673711475735838725,997,283
673709992831262724,803,256
673708611235921920,1029,272
673707060090052608,1053,372
673705679337693185,1208,390
673700254269775872,1367,538
673697980713705472,3784,1863
673689733134946305,1664,612
673688752737402881,1208,470
673686845050527744,1371,409
673680198160809984,1308,439
673662677122719744,1198,348
673656262056419329,689,222
673636718965334016,1052,342
673612854080196609,1530,681
673583129559498752,1144,339
673580926094458881,794,260
673576835670777856,1323,536
673363615379013632,982,289
673359818736984064,1384,637
673355879178194945,1435,542
673352124999274496,1591,511
673350198937153538,718,198
673345638550134785,2400,1195
673343217010679808,924,257
673342308415348736,1212,543
673320132811366400,12838,7446
673317986296586240,837,242
673295268553605120,7187,2999
673270968295534593,1023,344
673240798075449344,1363,677
673213039743795200,2135,793
673148804208660480,1622,592
672997845381865473,1884,675
672995267319328768,905,273
672988786805112832,937,272
672984142909456390,1201,515
672980819271634944,1736,956
672975131468300288,1596,851
672970152493887488,906,338
672968025906282496,1265,514
672964561327235073,1363,612
672902681409806336,1305,465
672898206762672129,860,401
672884426393653248,1471,798
672877615439593473,987,332
672834301050937345,1248,535
672828477930868736,1193,462
672640509974827008,932,300
672622327801233409,1233,460
672614745925664768,1168,550
672609152938721280,1056,371
672604026190569472,1055,379
672594978741354496,1273,582
672591762242805761,908,320
672591271085670400,686,177
672538107540070400,983,344
672523490734551040,599,160
672488522314567680,1059,411
672482722825261057,1073,564
672481316919734272,688,122
672475084225949696,1380,662
672466075045466113,1292,501
672272411274932228,6144,3176
672267570918129665,1418,586
672264251789176834,1084,318
672256522047614977,2692,1453
672254177670729728,1371,701
672248013293752320,1653,565
672245253877968896,651,145
672239279297454080,856,306
672231046314901505,1739,953
672222792075620352,752,202
672205392827572224,2153,1090
672169685991993344,974,345
672160042234327040,839,339
672139350159835138,1655,655
672125275208069120,2275,1079
672095186491711488,951,347
672082170312290304,900,346
672068090318987265,1233,483
671896809300709376,8105,3954
671891728106971137,1252,542
671882082306625538,3294,1316
671879137494245376,1349,630
671874878652489728,1196,520
671866342182637568,1066,463
671855973984772097,856,409
671789708968640512,6731,3271
671768281401958400,1140,464
671763349865160704,1591,851
671744970634719232,1288,718
671743150407421952,718,225
671735591348891648,1372,711
671729906628341761,8091,4110
671561002136281088,12169,6829
671550332464455680,864,198
671547767500775424,1284,556
671544874165002241,1864,993
671542985629241344,1041,533
671538301157904385,883,365
671536543010570240,1112,384
671533943490011136,971,548
671528761649688577,800,243
671520732782923777,1329,499
671518598289059840,901,281
671511350426865664,1511,666
671504605491109889,6648,3352
671497587707535361,876,423
671488513339211776,950,451
671486386088865792,551,184
671485057807351808,725,221
671390180817915904,1372,701
671362598324076544,1051,280
671357843010908160,380,146
671355857343524864,460,113
671347597085433856,911,404
671186162933985280,697,197
671182547775299584,1065,317
671166507850801152,833,325
671163268581498880,1563,1032
671159727754231808,347,75
671154572044468225,675,206
671151324042559489,634,143
671147085991960577,637,202
671141549288370177,1096,620
671138694582165504,880,376
671134062904504320,706,180
671122204919246848,3310,2362
671115716440031232,1301,733
671109016219725825,1090,411
670995969505435648,1056,274
670842764863651840,23487,8195
670840546554966016,556,183
670838202509447168,1052,652
670833812859932673,418,114
670832455012716544,696,203
670826280409919488,5249,3828
670823764196741120,737,176
670822709593571328,574,90
670815497391357952,3015,1454
670811965569282048,1072,253
670807719151067136,1108,463
670804601705242624,1864,904
670803562457407488,326,84
670797304698376195,705,222
670792680469889025,784,257
670789397210615808,628,223
670786190031921152,568,191
670783437142401025,786,360
670782429121134593,1472,725
670780561024270336,755,270
670778058496974848,316,69
670764103623966721,1031,397
670755717859713024,419,101
670733412878163972,910,481
670727704916926465,793,337
670717338665226240,1132,455
670704688707301377,735,349
670691627984359425,559,229
670679630144274432,714,267
670676092097810432,235,39
670668383499735048,10156,4719
670474236058800128,1434,697
670468609693655041,339,82
670465786746662913,927,513
670452855871037440,523,192
670449342516494336,1148,611
670444955656130560,6397,1875
670442337873600512,614,189
670435821946826752,1005,483
670434127938719744,1343,608
670433248821026816,315,104
670428280563085312,1322,584
670427002554466305,494,148
670421925039075328,1244,601
670420569653809152,589,297
670417414769758208,545,303
670411370698022913,1920,838
670408998013820928,529,207
670403879788544000,408,143
670385711116361728,538,191
670374371102445568,714,252
670361874861563904,313,60
670338931251150849,406,101
670319130621435904,3706,1148
670303360680108032,412,123
670290420111441920,663,268
670093938074779648,978,312
670086499208155136,663,239
670079681849372674,2110,1151
670073503555706880,1484,742
670069087419133954,592,225
670061506722140161,723,312
670055038660800512,637,306
670046952931721218,616,161
670040295598354432,717,104
670037189829525505,566,258
670003130994700288,316,85
669993076832759809,310,79
669972011175813120,421,148
669970042633789440,286,53
669942763794931712,481,150
669926384437997569,359,92
669923323644657664,224,53
669753178989142016,766,373
669749430875258880,248,63
669684865554620416,489,84
669683899023405056,366,102
669682095984410625,335,128
669680153564442624,635,268
669661792646373376,773,407
669625907762618368,3344,1703
669603084620980224,907,340
669597912108789760,489,142
669583744538451968,1415,870
669573570759163904,416,130
669571471778410496,1511,954
669567591774625800,221,50
669564461267722241,370,115
669393256313184256,343,69
669375718304980992,1259,685
669371483794317312,470,168
669367896104181761,438,141
669363888236994561,595,214
669359674819481600,354,113
669354382627049472,2562,1206
669353438988365824,597,245
669351434509529089,410,169
669328503091937280,968,393
669327207240699904,546,114
669324657376567296,474,196
669216679721873412,1139,382
669214165781868544,416,150
669203728096960512,958,440
669037058363662336,625,295
669015743032369152,706,351
669006782128353280,551,229
669000397445533696,19891,5996
668994913074286592,421,209
668992363537309700,713,319
668989615043424256,639,312
668988183816871936,863,436
668986018524233728,525,155
668981893510119424,514,283
668979806671884288,760,328
668975677807423489,1240,548
668967877119254528,139,21
668960084974809088,670,230
668955713004314625,263,67
668932921458302977,247,54
668902994700836864,302,94
668892474547511297,381,139
668872652652679168,503,285
668852170888998912,428,151
668826086256599040,413,125
668815180734689280,529,247
668779399630725120,674,349
668655139528511488,494,205
668645506898350081,829,502
668643542311546881,828,496
668641109086707712,1017,509
668636665813057536,985,464
668633411083464705,2662,1507
668631377374486528,675,299
668627278264475648,295,107
668625577880875008,362,121
668623201287675904,1349,706
668620235289837568,187,38
668614819948453888,584,300
668587383441514497,1580,1006
668567822092664832,226,49
668544745690562560,488,214
668542336805281792,432,200
668537837512433665,242,67
668528771708952576,441,210
668507509523615744,311,98
668496999348633600,387,124
668484198282485761,405,220
668480044826800133,435,139
668466899341221888,846,481
668297328638447616,597,276
668291999406125056,230,29
668286279830867968,478,128
668274247790391296,780,222
668268907921326080,525,222
668256321989451776,1228,563
668248472370458624,913,450
668237644992782336,5870,2667
668226093875376128,283,96
668221241640230912,491,185
668204964695683073,527,184
668190681446379520,612,190
668171859951755264,460,182
668154635664932864,471,291
668142349051129856,547,263
668113020489474048,639,221
667937095915278337,1186,748
667924896115245057,278,104
667915453470232577,199,53
667911425562669056,468,278
667902449697558528,813,358
667886921285246976,1773,1007
667885044254572545,779,445
667878741721415682,374,111
667873844930215936,595,380
667866724293877760,2871,975
667861340749471744,231,74
667832474953625600,280,58
667806454573760512,998,459
667801013445750784,312,90
667793409583771648,670,309
667782464991965184,393,230
667773195014021121,222,51
667766675769573376,416,203
667728196545200128,361,143
667724302356258817,456,302
667550904950915073,0,31
667550882905632768,0,31
667549055577362432,5478,2112
667546741521195010,322,115
667544320556335104,813,493
667538891197542400,194,61
667534815156183040,776,494
667530908589760512,442,223
667524857454854144,1611,1052
667517642048163840,350,180
667509364010450944,6452,1998
667502640335572993,514,209
667495797102141441,496,249
667491009379606528,497,210
667470559035432960,244,89
667455448082227200,181,56
667453023279554560,298,84
667443425659232256,741,541
667437278097252352,427,223
667435689202614272,292,79
667405339315146752,442,211
667393430834667520,184,52
667369227918143488,347,152
667211855547486208,460,224
667200525029539841,583,245
667192066997374976,362,92
667188689915760640,707,371
667182792070062081,13520,5754
667177989038297088,180,51
667176164155375616,578,427
667174963120574464,233,72
667171260800061440,209,77
667165590075940865,2542,1051
667160273090932737,243,59
667152164079423490,45114,15816
667138269671505920,4322,2037
667119796878725120,314,122
667090893657276420,316,117
667073648344346624,378,110
667070482143944705,78,13
667065535570550784,160,41
667062181243039745,208,49
667044094246576128,175,46
667012601033924608,423,210
666996132027977728,227,83
666983947667116034,2400,910
666837028449972224,761,514
666835007768551424,200,74
666826780179869698,239,86
666817836334096384,482,235
666804364988780544,219,84
666786068205871104,707,451
666781792255496192,362,177
666776908487630848,323,158
666739327293083650,221,60
666701168228331520,404,202
666691418707132416,175,45
666649482315059201,1053,576
666644823164719104,220,75
666454714377183233,482,198
666447344410484738,97,18
666437273139982337,115,42
666435652385423360,155,47
666430724426358785,292,175
666428276349472768,152,74
666421158376562688,294,104
666418789513326592,112,41
666411507551481857,407,291
666407126856765440,98,32
666396247373291520,156,73
666373753744588802,171,81
666362758909284353,714,513
666353288456101888,196,64
666345417576210432,273,128
666337882303524864,180,83
666293911632134144,460,314
666287406224695296,135,60
666273097616637952,159,70
666268910803644416,95,32
666104133288665088,13498,5913
666102155909144576,70,11
666099513787052032,142,58
666094000022159362,154,66
666082916733198337,102,41
666073100786774016,293,145
666071193221509120,135,52
666063827256086533,446,195
666058600524156928,105,52
666057090499244032,267,123
666055525042405380,407,218
666051853826850816,1114,765
666050758794694657,124,51
666049248165822465,96,40
666044226329800704,268,130
666033412701032449,111,41
666029285002620928,120,42
666020888022790149,2386,458
